Project Dataset Features file.

	surface_covered_in_m2	lat	lon	borough
1	60.0	19.493185	-99.205755	Azcapotzalco
2	55.0	19.307247	-99.1667	Coyoacán
3	50.0	19.363469	-99.010141	Iztapalapa
4	60.0	19.474655	-99.189277	Azcapotzalco
5	74.0	19.394628	-99.143842	Benito Juárez
6	55.0	19.306187	-99.055725	Iztapalapa
7	80.0	19.367286	-99.188816	Benito Juárez
8	52.0			Iztapalapa
9	90.0	19.479793	-99.186945	Azcapotzalco
10	90.0	19.375618	-99.194916	Álvaro Obregón
11	64.0	19.487416	-99.118006	Gustavo A. Madero
12	72.0	19.2790911	-99.2114234	Tlalpan
13	51.0			Iztapalapa
14	65.0	19.394361	-99.082092	Iztacalco
15	60.0	19.485552	-99.122093	Gustavo A. Madero
16	53.0	19.486196	-99.180962	Azcapotzalco
17	80.0	19.396502	-99.128797	Iztacalco
18	59.0	19.406172	-99.14055	Cuauhtémoc
19	70.0	19.410511	-99.119943	Venustiano Carranza
20	90.0	19.368823	-99.224603	Álvaro Obregón
21	85.0	19.348122	-99.125716	Coyoacán
22	87.0	19.293561	-99.117034	Coyoacán
23	70.0	19.339707	-99.131065	Coyoacán
24	58.0	19.361035	-99.138199	Benito Juárez
25	70.0	19.365843	-99.149901	Benito Juárez
26	70.0	19.504985	-99.208557	Azcapotzalco
27	90.0	19.384808	-99.137496	Benito Juárez
28	50.0	19.396538	-99.141249	Álvaro Obregón
29	80.0	19.311629	-99.23189	La Magdalena Contreras
30	70.0	19.302512	-99.142927	Coyoacán
31	70.0	19.440749	-99.141649	Cuauhtémoc
32	80.0	19.409099	-99.167127	Cuauhtémoc
33	70.0	19.451872	-99.173522	Miguel Hidalgo
34	58.0	19.380392	-99.14769	Benito Juárez
35	55.0	19.447813	-99.114811	Venustiano Carranza
36	53.0	19.519794	-99.15876	Gustavo A. Madero
37	65.0	23.634501	-102.552788	Cuauhtémoc
38	80.0	19.359897	-99.18956	Álvaro Obregón
39	70.0	19.446313	-99.14006	Cuauhtémoc
40	80.0	19.395097	-99.150424	Benito Juárez
41	60.0	19.374721	-99.140098	Benito Juárez
42	60.0	19.421757	-99.151657	Cuauhtémoc
43	75.0	19.325306	-99.093431	Iztapalapa
44	58.0	19.415142	-99.146848	Cuauhtémoc
45	64.0	19.482603	-99.194748	Azcapotzalco
46	86.0	19.263022	-99.119657	Xochimilco
47	60.0	19.517598	-99.137671	Gustavo A. Madero
48	76.0	19.396705	-99.181902	Benito Juárez
49	80.0	19.391336	-99.14153	Iztapalapa
50	50.0			Azcapotzalco
51	80.0	19.367721	-99.219332	Álvaro Obregón
52	80.0	19.496204	-99.086136	Gustavo A. Madero
53	90.0	19.365917	-99.196977	Álvaro Obregón
54	60.0	19.482796	-99.199875	Azcapotzalco
55	70.0	19.376392	-99.192439	Álvaro Obregón
56	75.0	19.301865	-99.108429	Coyoacán
57	70.0	19.44365	-99.141269	Cuauhtémoc
58	66.0	19.466659	-99.188824	Azcapotzalco
59	50.0	19.461662	-99.190926	Miguel Hidalgo
60	66.0	19.439648	-99.08268	Venustiano Carranza
61	67.0	19.424808	-99.099531	Venustiano Carranza
62	65.0	19.453691	-99.180039	Miguel Hidalgo
63	60.0	19.470991	-99.168165	Azcapotzalco
64	60.0	19.296354	-99.138952	Tlalpan
65	55.0	19.403918	-99.063374	Iztacalco
66	86.0	19.307417	-99.125191	Coyoacán
67	75.0	19.40579	-99.198906	Miguel Hidalgo
68	85.0	19.402151	-99.177065	Miguel Hidalgo
69	75.0	19.408156	-99.151065	Cuauhtémoc
70	60.0	19.455518	-99.123801	Venustiano Carranza
71	61.0	19.512752	-99.141368	Gustavo A. Madero
72	60.0	19.441879	-99.167819	Miguel Hidalgo
73	62.0	19.28852	-99.127538	Tlalpan
74	68.0	19.446704	-99.12456	Venustiano Carranza
75	57.0	19.4069115	-99.1240954	Venustiano Carranza
76	60.0	19.365917	-99.196977	Álvaro Obregón
77	60.0	19.450551	-99.156352	Cuauhtémoc
78	70.0	19.451576	-99.190662	Miguel Hidalgo
79	53.0			Tláhuac
80	65.0	19.325848	-99.075081	Iztapalapa
81	90.0	19.436404	-99.173617	Miguel Hidalgo
82	75.0	19.367424	-99.200287	Álvaro Obregón
83	65.0	19.452986	-99.119334	Venustiano Carranza
84	71.0	19.375412	-99.144234	Benito Juárez
85	70.0	19.386033	-99.18296	Benito Juárez
86	70.0	19.453854	-99.193979	Miguel Hidalgo
87	75.0	19.45178	-99.15709	Cuauhtémoc
88	61.0			Iztapalapa
89	60.0	19.473486	-99.185753	Azcapotzalco
90	80.0	19.320091	-99.122211	Coyoacán
91	79.0	19.371543	-99.141669	Benito Juárez
92	50.0	19.446313	-99.14006	Cuauhtémoc
93	65.0	19.460012	-99.153755	Cuauhtémoc
94	60.0	19.366607	-99.158713	Benito Juárez
95	54.0	19.538038	-99.133163	Gustavo A. Madero
96	80.0	19.398095	-99.164435	Benito Juárez
97	91.0	19.313503	-99.123471	Coyoacán
98	53.0	19.410553	-99.133858	Cuauhtémoc
99	75.0			Tlalpan
100	70.0	19.409979	-99.118822	Venustiano Carranza
101	60.0	19.2990233	-99.0436467	Tláhuac
102	80.0	19.35208	-99.177321	Coyoacán
103	65.0	19.472155	-99.161186	Azcapotzalco
104	76.0	19.374212	-99.125887	Iztapalapa
105	86.0	19.42926	-99.172937	Cuauhtémoc
106	57.0	19.306198	-99.235825	La Magdalena Contreras
107	90.0	19.368942	-99.224435	Álvaro Obregón
108	60.0	19.452503	-99.120018	Venustiano Carranza
109	63.0	19.378828	-99.017036	Iztapalapa
110	70.0	19.470272	-99.089988	Gustavo A. Madero
111	68.0	19.428152	-99.106194	Venustiano Carranza
112	70.0	19.453854	-99.193979	Miguel Hidalgo
113	58.0	19.370822	-99.105239	Iztapalapa
114	60.0	19.425573	-99.153597	Cuauhtémoc
115	70.0	19.408179	-99.148713	Cuauhtémoc
116	85.0	19.5238850697	-99.1558114887	Gustavo A. Madero
117	72.0	19.382139	-99.127632	Iztacalco
118	80.0	19.357504	-99.234987	Álvaro Obregón
119	70.0	19.484504	-99.180683	Azcapotzalco
120	60.0	19.456941	-99.156312	Cuauhtémoc
121	55.0	19.455518	-99.123801	Venustiano Carranza
122	82.0	19.44661	-99.160309	Cuauhtémoc
123	80.0	19.446852	-99.154461	Cuauhtémoc
124	62.0	19.394892	-99.061093	Iztacalco
125	85.0	19.455518	-99.123801	Venustiano Carranza
126	60.0	19.299713	-99.037758	Tláhuac
127	85.0	19.441163	-99.144482	Cuauhtémoc
128	85.0	19.416439	-99.125632	Venustiano Carranza
129	75.0	19.369509	-99.172532	Benito Juárez
130	70.0	19.326108	-99.122758	Coyoacán
131	68.0	19.45178	-99.15709	Cuauhtémoc
132	60.0	19.369329	-99.141781	Benito Juárez
133	90.0	19.365865	-99.148341	Benito Juárez
134	50.0	19.317698	-99.061256	Iztapalapa
135	50.0	19.41526	-99.075364	Venustiano Carranza
136	58.0	19.386852	-99.194748	Álvaro Obregón
137	75.0	19.2947691	-99.2245237	Tlalpan
138	70.0	19.417636	-99.153292	Cuauhtémoc
139	51.0	19.473415	-99.143539	Gustavo A. Madero
140	80.0	19.484504	-99.180683	Azcapotzalco
141	50.0	19.415143	-99.14685	Cuauhtémoc
142	50.0			Coyoacán
143	60.0	19.449997	-99.18117	Miguel Hidalgo
144	60.0	19.394628	-99.143842	Benito Juárez
145	60.0	19.429916	-99.108826	Venustiano Carranza
146	80.0	19.386698	-99.223282	Tláhuac
147	75.0	19.348122	-99.125716	Coyoacán
148	50.0	19.404661	-99.133858	Cuauhtémoc
149	65.0	19.456002	-99.191888	Miguel Hidalgo
150	85.0	23.634501	-102.552788	Benito Juárez
151	70.0	19.365865	-99.148341	Benito Juárez
152	80.0	19.412142	-99.146127	Cuauhtémoc
153	64.0	19.383446	-99.137643	Benito Juárez
154	59.0	19.426837	-99.109201	Venustiano Carranza
155	65.0	19.337163	-99.080899	Iztapalapa
156	70.0	19.404298	-99.169157	Cuauhtémoc
157	65.0	19.2833726485	-99.0548452735	Tláhuac
158	80.0	19.522966	-99.145785	Gustavo A. Madero
159	75.0	19.474655	-99.189277	Azcapotzalco
160	56.0	19.450256	-99.195016	Miguel Hidalgo
161	90.0	19.441043	-99.175585	Miguel Hidalgo
162	69.0	19.428767	-99.1459	Cuauhtémoc
163	70.0	19.402944	-99.199727	Miguel Hidalgo
164	90.0	19.318989	-99.094437	Iztapalapa
165	70.0	19.443903	-99.171681	Miguel Hidalgo
166	53.0	19.455981	-99.15008	Cuauhtémoc
167	70.0	19.324386	-99.124228	Coyoacán
168	60.0	19.399226	-99.134352	Iztacalco
169	52.0			Azcapotzalco
170	70.0	19.367286	-99.188816	Álvaro Obregón
171	60.0	19.366391	-99.140407	Benito Juárez
172	65.0	19.446313	-99.14006	Cuauhtémoc
173	62.0			Xochimilco
174	70.0	19.353066	-99.084569	Iztapalapa
175	70.0	19.359269	-99.227827	Álvaro Obregón
176	55.0	19.409748	-99.13548	Cuauhtémoc
177	63.0	19.299763	-99.110195	Tlalpan
178	66.0	19.49662	-99.185876	Azcapotzalco
179	56.0			Iztapalapa
180	50.0	19.398514	-99.130366	Iztacalco
181	65.0	19.418844	-99.132357	Cuauhtémoc
182	50.0	19.291321	-99.055733	Tláhuac
183	65.0	19.403895	-99.105671	Iztacalco
184	75.0			Tlalpan
185	80.0	19.399841	-99.154813	Benito Juárez
186	65.0	19.457982	-99.19269	Miguel Hidalgo
187	60.0	19.366632	-99.1979	Álvaro Obregón
188	60.0	19.381001	-99.145132	Benito Juárez
189	80.0	19.347664	-99.125001	Coyoacán
190	53.0	23.634501	-102.552788	Iztacalco
191	75.0	19.365843	-99.149901	Benito Juárez
192	70.0	19.368823	-99.224603	Álvaro Obregón
193	90.0	19.401507	-99.14682	Benito Juárez
194	70.0	19.382649	-99.143384	Xochimilco
195	50.0	19.410307	-99.065399	Iztacalco
196	69.0			Iztacalco
197	70.0	19.394361	-99.082092	Iztacalco
198	50.0	19.376392	-99.192439	Álvaro Obregón
199	65.0	19.365917	-99.196977	Álvaro Obregón
200	57.0	19.298168	-99.113106	Tlalpan
201	66.0	19.448847	-99.17845	Miguel Hidalgo
202	60.0	19.369859	-99.135812	Iztapalapa
203	60.0	19.455809	-99.123962	Cuauhtémoc
204	58.0	19.370822	-99.105239	Iztapalapa
205	75.0	19.462355	-99.193313	Miguel Hidalgo
206	75.0	19.305233	-99.12269	Coyoacán
207	80.0	19.449997	-99.18117	Miguel Hidalgo
208	50.0	19.410307	-99.065399	Iztacalco
209	80.0	19.28008	-99.217066	Tlalpan
210	56.0	19.456993	-99.118637	Venustiano Carranza
211	90.0	19.314329	-99.094284	Iztapalapa
212	56.0	19.452301	-99.207422	Miguel Hidalgo
213	80.0	19.36269	-99.150565	Benito Juárez
214	70.0	19.493185	-99.205755	Azcapotzalco
215	50.0	19.455664	-99.134808	Cuauhtémoc
216	52.0	19.444688	-99.16605	Miguel Hidalgo
217	55.0	19.4146406	-99.1395519	Cuauhtémoc
218	75.0	19.383957	-99.092019	Iztapalapa
219	60.0	23.634501	-102.552788	Benito Juárez
220	50.0	19.325848	-99.075081	Iztapalapa
221	63.0	19.298347	-99.116905	Tlalpan
222	69.0	19.410055	-99.114487	Venustiano Carranza
223	56.0	19.345893	-99.067395	Iztapalapa
224	70.0	19.462355	-99.193313	Miguel Hidalgo
225	70.0	19.371745	-99.212281	Álvaro Obregón
226	85.0	19.384804	-99.155284	Benito Juárez
227	50.0	19.400623	-99.14173	Benito Juárez
228	78.0	19.437841	-99.220367	Miguel Hidalgo
229	57.0	19.389223	-99.086401	Iztapalapa
230	80.0	19.278459	-99.244005	Tlalpan
231	90.0	19.442635	-99.148454	Cuauhtémoc
232	52.0	19.474446	-99.088493	Gustavo A. Madero
233	69.0	19.496214	-99.115181	Gustavo A. Madero
234	75.0	19.306256	-99.236671	La Magdalena Contreras
235	52.0	19.2832511255	-99.0554890037	Tláhuac
236	86.0			Iztapalapa
237	75.0	19.40139	-99.188397	Miguel Hidalgo
238	80.0	19.359143	-99.219523	Álvaro Obregón
239	50.0	19.45756	-99.194748	Miguel Hidalgo
240	60.0	19.365865	-99.148341	Benito Juárez
241	85.0	19.392866	-99.175159	Benito Juárez
242	60.0	19.312223	-99.105454	Coyoacán
243	80.0	19.474655	-99.189277	Azcapotzalco
244	63.0	23.634501	-102.552788	Iztacalco
245	63.0	19.417923	-99.148384	Cuauhtémoc
246	50.0	19.422879	-99.058971	Venustiano Carranza
247	85.0	19.523731	-99.137538	Gustavo A. Madero
248	64.0	19.400165	-99.135621	Iztacalco
249	70.0	19.391074	-99.165737	Benito Juárez
250	60.0	23.634501	-102.552788	Cuauhtémoc
251	63.0	19.387651	-99.142257	Benito Juárez
252	60.0	19.453854	-99.193979	Miguel Hidalgo
253	60.0	19.361468	-99.083751	Iztapalapa
254	52.0			Álvaro Obregón
255	86.0	19.400165	-99.135621	Iztacalco
256	60.0	19.395835	-99.135191	Benito Juárez
257	70.0	19.476817	-99.188708	Azcapotzalco
258	60.0	19.470064	-99.152056	Cuauhtémoc
259	80.0	19.38828	-99.195529	Álvaro Obregón
260	67.0	19.3653	-99.148217	Benito Juárez
261	50.0	19.377681	-99.042358	Iztapalapa
262	91.0	19.401507	-99.14682	Benito Juárez
263	85.0	19.348122	-99.125716	Coyoacán
264	53.0	19.407816	-99.129707	Cuauhtémoc
265	75.0	19.382019	-99.204821	Álvaro Obregón
266	50.0	19.383446	-99.137643	Benito Juárez
267	51.0	19.3513303772	-99.0817327425	Iztapalapa
268	50.0	19.406876	-99.123807	Venustiano Carranza
269	55.0	19.400379	-99.131088	Cuauhtémoc
270	55.0	19.452986	-99.119334	Venustiano Carranza
271	55.0	19.398946	-99.138915	Benito Juárez
272	55.0	19.365597	-99.236298	Álvaro Obregón
273	75.0	19.377369	-99.198052	Álvaro Obregón
274	63.0	19.417363	-99.068463	Iztacalco
275	70.0	19.3919672	-99.0718655	Iztacalco
276	60.0	19.352574	-99.16789	Benito Juárez
277	90.0	19.365917	-99.196977	Álvaro Obregón
278	68.0	19.428152	-99.106194	Venustiano Carranza
279	75.0	19.514963	-99.142786	Gustavo A. Madero
280	86.0	19.307754	-99.12497	Coyoacán
281	85.0	19.363254	-99.174611	Benito Juárez
282	61.0	19.2990233	-99.0436467	Tláhuac
283	65.0	19.280541	-99.18368	Tlalpan
284	58.0	19.527514	-99.15184	Gustavo A. Madero
285	55.0	19.445228	-99.169668	Miguel Hidalgo
286	80.0	19.38855	-99.055877	Iztapalapa
287	70.0	19.436347	-99.152384	Cuauhtémoc
288	50.0	19.473415	-99.143539	Gustavo A. Madero
289	70.0	19.348122	-99.125716	Coyoacán
290	65.0	19.326922	-99.121203	Coyoacán
291	50.0	19.436128	-99.151964	Cuauhtémoc
292	55.0	19.410307	-99.065399	Iztacalco
293	80.0	19.38445	-99.129917	Iztacalco
294	70.0	19.453909	-99.208595	Miguel Hidalgo
295	86.0	19.307754	-99.12497	Coyoacán
296	62.0	19.337678	-99.142314	Coyoacán
297	65.0	19.317534	-99.058491	Iztapalapa
298	60.0	19.315165	-99.117017	Coyoacán
299	57.0	19.4525728	-99.1186381	Venustiano Carranza
300	78.0	19.396893	-99.152302	Benito Juárez
301	55.0	19.448354	-99.138205	Cuauhtémoc
302	60.0	19.454722	-99.1573	Cuauhtémoc
303	60.0	19.367722	-99.29255	Cuajimalpa de Morelos
304	70.0	19.456439	-99.144414	Cuauhtémoc
305	50.0	19.410553	-99.133858	Cuauhtémoc
306	80.0	19.395097	-99.150424	Benito Juárez
307	80.0	19.30618	-99.161962	Coyoacán
308	67.0	19.428152	-99.106194	Venustiano Carranza
309	65.0			Coyoacán
310	80.0	19.311495	-99.160832	Coyoacán
311	60.0	19.466382	-99.126016	Gustavo A. Madero
312	75.0	19.3653	-99.148217	Benito Juárez
313	70.0	19.377383	-99.144978	Benito Juárez
314	80.0	19.450827	-99.156468	Cuauhtémoc
315	78.0	19.397109	-99.152328	Benito Juárez
316	60.0	19.365002	-99.01358	Iztapalapa
317	70.0	19.336195	-99.23692	Álvaro Obregón
318	60.0	19.364891	-99.148384	Benito Juárez
319	91.0	19.401507	-99.14682	Benito Juárez
320	80.0	19.359897	-99.18956	Álvaro Obregón
321	62.0	19.254105	-99.115016	Xochimilco
322	60.0	19.433928	-99.140917	Cuauhtémoc
323	80.0	19.370272	-99.149127	Benito Juárez
324	60.0	19.365175	-99.230064	Álvaro Obregón
325	84.0	19.370046	-99.146155	Benito Juárez
326	50.0	19.38855	-99.055877	Iztapalapa
327	60.0	19.363469	-99.010141	Iztapalapa
328	90.0	19.385867	-99.148503	Benito Juárez
329	90.0	19.368447	-99.19119	Benito Juárez
330	52.0	19.4805726	-99.1767541	Azcapotzalco
331	73.0	19.394628	-99.143842	Benito Juárez
332	70.0	19.484504	-99.180683	Azcapotzalco
333	65.0	19.454722	-99.1573	Cuauhtémoc
334	60.0	19.445553	-99.097057	Venustiano Carranza
335	50.0	19.454082	-99.125206	Cuauhtémoc
336	50.0	19.376536	-99.136148	Benito Juárez
337	60.0	19.449216	-99.175596	Miguel Hidalgo
338	75.0	19.370501	-99.139389	Benito Juárez
339	70.0	19.402944	-99.199727	Miguel Hidalgo
340	90.0	19.380375	-99.1491	Benito Juárez
341	86.0	19.39365	-99.14769	Benito Juárez
342	90.0	19.376775	-99.187429	Benito Juárez
343	84.0	19.40012	-99.1532	Benito Juárez
344	56.0	19.305214	-99.046887	Tláhuac
345	56.0	19.353876	-99.0028926	Iztapalapa
346	60.0	19.410079	-99.127004	Venustiano Carranza
347	65.0	19.281164	-99.20237	Tlalpan
348	60.0	19.455664	-99.134808	Cuauhtémoc
349	70.0	19.361039	-99.15826	Benito Juárez
350	56.0	19.456993	-99.118637	Venustiano Carranza
351	57.0	23.634501	-102.552788	Benito Juárez
352	52.0	19.392349	-99.07093	Iztacalco
353	70.0	19.441029	-99.168787	Miguel Hidalgo
354	50.0	19.302076	-99.049427	Tláhuac
355	79.0			La Magdalena Contreras
356	60.0	19.447127	-99.133204	Cuauhtémoc
357	85.0	19.292179	-99.116719	Tlalpan
358	70.0	19.334917	-99.026016	Iztapalapa
359	65.0	19.4543797957	-99.1612069309	Cuauhtémoc
360	75.0	19.376456	-99.145563	Benito Juárez
361	56.0	19.452301	-99.207422	Miguel Hidalgo
362	65.0	19.415143	-99.14685	Cuauhtémoc
363	80.0	19.304946	-99.180763	Coyoacán
364	85.0	19.401456	-99.146787	Benito Juárez
365	58.0	19.450551	-99.156352	Cuauhtémoc
366	66.0	19.48647	-99.190965	Azcapotzalco
367	69.0	19.45178	-99.15709	Cuauhtémoc
368	57.0	19.4301322	-99.1691413	Cuauhtémoc
369	80.0	19.370046	-99.146155	Benito Juárez
370	60.0	19.402944	-99.199727	Miguel Hidalgo
371	90.0	19.373648	-99.18998	Benito Juárez
372	70.0	19.485524	-99.210631	Azcapotzalco
373	57.0	23.634501	-102.552788	Benito Juárez
374	56.0			Iztapalapa
375	52.0	19.469681	-99.086136	Gustavo A. Madero
376	75.0	19.307417	-99.125191	Coyoacán
377	69.0	19.472155	-99.161186	Azcapotzalco
378	60.0	19.393656	-99.132304	Benito Juárez
379	52.0	19.405014	-99.141464	Cuauhtémoc
380	80.0	19.391819	-99.188639	Benito Juárez
381	50.0	19.43951	-99.119872	Venustiano Carranza
382	50.0	19.410307	-99.065399	Iztacalco
383	70.0	19.395058	-99.13078	Iztacalco
384	60.0	19.323772	-99.116562	Coyoacán
385	71.0	19.52589	-99.151703	Álvaro Obregón
386	80.0	19.359897	-99.18956	Álvaro Obregón
387	60.0	19.274141	-99.166374	Tlalpan
388	50.0	19.413393	-99.131381	Cuauhtémoc
389	80.0	19.356717	-99.015376	Iztapalapa
390	53.0	19.518559	-99.153229	Gustavo A. Madero
391	62.0	19.3943574	-99.1774462	Benito Juárez
392	70.0	19.367424	-99.200287	Álvaro Obregón
393	50.0	19.287188	-99.170525	Tlalpan
394	65.0	19.472155	-99.161186	Azcapotzalco
395	70.0	19.443285	-99.092053	Venustiano Carranza
396	90.0	19.417364	-99.159454	Cuauhtémoc
397	90.0	19.442152	-99.18603	Miguel Hidalgo
398	90.0	19.391834	-99.188695	Benito Juárez
399	65.0	19.382649	-99.143384	Benito Juárez
400	65.0	19.501203	-99.173759	Azcapotzalco
401	55.0	19.340832	-99.196614	Álvaro Obregón
402	60.0	19.329507	-99.083458	Iztapalapa
403	70.0	19.351369	-99.248993	Álvaro Obregón
404	63.0	19.2990233	-99.0436467	Tláhuac
405	65.0	19.377383	-99.144978	Benito Juárez
406	75.0	19.436561	-99.15195	Cuauhtémoc
407	50.0	19.362363	-99.017827	Iztapalapa
408	75.0	19.504985	-99.208557	Azcapotzalco
409	74.0	19.299763	-99.110195	Tlalpan
410	80.0	19.364993	-99.155739	Benito Juárez
411	75.0	19.278707	-99.198379	Tlalpan
412	60.0	19.421006	-99.168362	Cuauhtémoc
413	65.0	19.379415	-99.109789	Venustiano Carranza
414	75.0	19.374721	-99.140098	Benito Juárez
415	60.0	19.401934	-99.172434	Miguel Hidalgo
416	50.0	19.287188	-99.170525	Tlalpan
417	80.0	19.375412	-99.144234	Benito Juárez
418	65.0	19.468672	-99.080703	Gustavo A. Madero
419	80.0	19.392185	-99.135357	Benito Juárez
420	80.0	19.395097	-99.150424	Benito Juárez
421	60.0	19.504985	-99.208557	Azcapotzalco
422	75.0	19.367307	-99.141429	Benito Juárez
423	65.0	19.332495	-99.168057	Coyoacán
424	75.0	19.453142	-99.180214	Miguel Hidalgo
425	56.0	19.371331	-99.009733	Iztapalapa
426	53.0	19.410553	-99.133858	Cuauhtémoc
427	80.0	19.35782	-99.149406	Benito Juárez
428	75.0	19.455618	-99.137274	Cuauhtémoc
429	75.0	19.317534	-99.058491	Iztapalapa
430	70.0	19.367424	-99.200287	Álvaro Obregón
431	56.0	19.4497013	-99.1420342	Cuauhtémoc
432	61.0	19.517008	-99.143142	Gustavo A. Madero
433	80.0	19.416195	-99.157971	Cuauhtémoc
434	90.0	19.366505	-99.222297	Álvaro Obregón
435	65.0	19.456564	-99.191724	Miguel Hidalgo
436	80.0	19.37004	-99.174981	Benito Juárez
437	80.0	19.372248	-99.133377	Iztapalapa
438	90.0	19.359625	-99.152478	Benito Juárez
439	70.0	19.368335	-99.178389	Benito Juárez
440	55.0	19.386765	-99.222312	Álvaro Obregón
441	70.0	19.39365	-99.14769	Benito Juárez
442	65.0	19.194286	-99.141966	Tlalpan
443	90.0	19.44661	-99.160309	Cuauhtémoc
444	70.0	19.41263	-99.155464	Cuauhtémoc
445	80.0	19.43895	-99.161234	Cuauhtémoc
446	55.0	19.396727	-99.115875	Iztacalco
447	50.0	19.422796	-99.066093	Venustiano Carranza
448	70.0	19.392025	-99.135302	Benito Juárez
449	65.0			Miguel Hidalgo
450	60.0	19.449635	-99.133322	Cuauhtémoc
451	70.0	19.293561	-99.117034	Tlalpan
452	50.0	19.415616	-102.028067	Iztapalapa
453	60.0	19.502529	-99.194061	Azcapotzalco
454	85.0	19.359407	-99.060657	Iztapalapa
455	50.0	19.411212	-99.068934	Iztacalco
456	67.0	19.428152	-99.106194	Venustiano Carranza
457	90.0	19.434324	-99.163681	Cuauhtémoc
458	75.0	19.365843	-99.149901	Benito Juárez
459	65.0	19.470991	-99.168165	Azcapotzalco
460	91.0	19.336195	-99.23692	Álvaro Obregón
461	90.0	19.384632	-99.135881	Benito Juárez
462	68.0	19.306187	-99.055725	Tláhuac
463	65.0	19.366632	-99.1979	Álvaro Obregón
464	50.0	19.329222	-99.081775	Iztapalapa
465	90.0	19.376827	-99.197692	Álvaro Obregón
466	50.0	19.281423	-99.141801	Tlalpan
467	51.0	19.386852	-99.194748	Álvaro Obregón
468	60.0	19.303455	-99.122875	Coyoacán
469	60.0	19.455808716	-99.2046922445	Miguel Hidalgo
470	70.0	19.451872	-99.173522	Miguel Hidalgo
471	50.0	19.426864	-99.109255	Venustiano Carranza
472	75.0	19.496204	-99.086136	Gustavo A. Madero
473	60.0	19.383446	-99.137643	Benito Juárez
474	55.0			Iztacalco
475	80.0	19.371745	-99.212281	Álvaro Obregón
476	75.0	19.291964	-99.221756	Tlalpan
477	80.0	19.395097	-99.150424	Benito Juárez
478	65.0	19.380392	-99.14769	Benito Juárez
479	75.0	19.377404	-99.193301	Álvaro Obregón
480	75.0	19.3653	-99.148217	Benito Juárez
481	50.0	19.228483	-99.118527	Xochimilco
482	51.0	19.400097	-99.122093	Iztacalco
483	70.0	19.366738	-99.14554	Benito Juárez
484	55.0	19.446873	-99.158503	Cuauhtémoc
485	70.0	19.377169	-99.187643	Benito Juárez
486	70.0	19.36269	-99.150565	Benito Juárez
487	80.0	19.372724	-99.137094	Benito Juárez
488	85.0	19.428622	-99.14602	Cuauhtémoc
489	80.0	19.35782	-99.149406	Benito Juárez
490	85.0	19.306452	-99.124168	Coyoacán
491	65.0	19.452751	-99.056419	Gustavo A. Madero
492	80.0	19.396893	-99.152302	Benito Juárez
493	65.0	19.382649	-99.143384	Benito Juárez
494	70.0	19.414009	-99.142481	Cuauhtémoc
495	70.0	19.370046	-99.146155	Benito Juárez
496	80.0	19.410511	-99.119943	Venustiano Carranza
497	53.0	19.2893535	-99.1472814	Xochimilco
498	68.0	19.493092	-99.198555	Azcapotzalco
499	70.0	19.453691	-99.180039	Miguel Hidalgo
500	60.0	19.384955	-99.227837	Álvaro Obregón
501	70.0	19.283831	-99.236992	Tlalpan
502	90.0	19.364891	-99.148384	Benito Juárez
503	72.0	19.443178	-99.144234	Cuauhtémoc
504	70.0	19.474078	-99.083852	Gustavo A. Madero
505	65.0	19.454793	-99.19992	Miguel Hidalgo
506	70.0	19.366632	-99.1979	Álvaro Obregón
507	80.0	19.443903	-99.171681	Miguel Hidalgo
508	69.0	19.387651	-99.142257	Benito Juárez
509	50.0	19.3187237	-99.0698042	Iztapalapa
510	80.0	19.368335	-99.178389	Benito Juárez
511	65.0	19.337163	-99.080899	Iztapalapa
512	60.0	19.41275	-99.126007	Venustiano Carranza
513	60.0	19.361468	-99.083751	Iztapalapa
514	79.0	19.287904	-99.161682	Tlalpan
515	56.0	19.444584	-99.174675	Miguel Hidalgo
516	70.0	19.361468	-99.083751	Iztapalapa
517	74.0	19.396705	-99.181902	Benito Juárez
518	75.0	19.367348	-99.220413	Álvaro Obregón
519	60.0	19.342273	-99.258628	Álvaro Obregón
520	75.0	19.391579	-99.182986	Álvaro Obregón
521	52.0	19.392349	-99.07093	Iztacalco
522	66.0	19.44365	-99.141269	Cuauhtémoc
523	68.0	19.453691	-99.180039	Miguel Hidalgo
524	85.0	19.348122	-99.125716	Coyoacán
525	63.0			Azcapotzalco
526	78.0	19.452365	-99.124572	Venustiano Carranza
527	60.0	19.4395016	-99.1566281	Cuauhtémoc
528	70.0	19.363161	-99.248065	Álvaro Obregón
529	70.0	19.381729	-99.164986	Benito Juárez
530	91.0	19.3708553	-99.1102522	Iztapalapa
531	59.0	19.406622	-99.124168	Venustiano Carranza
532	62.0			Álvaro Obregón
533	57.0	19.298168	-99.113106	Tlalpan
534	60.0	19.476364	-99.147483	Azcapotzalco
535	78.0	19.396893	-99.152302	Benito Juárez
536	60.0	19.401209	-99.115341	Iztacalco
537	53.0	19.410553	-99.133858	Cuauhtémoc
538	70.0	19.38828	-99.195529	Álvaro Obregón
539	75.0	19.324239	-99.117785	Coyoacán
540	63.0	19.4109715	-99.1255544	Venustiano Carranza
541	90.0	19.313878	-99.094271	Iztapalapa
542	80.0	19.480501	-99.178139	Azcapotzalco
543	80.0	19.396502	-99.128797	Iztacalco
544	53.0	19.488564	-99.106194	Gustavo A. Madero
545	50.0	19.406876	-99.123807	Venustiano Carranza
546	62.0	19.454812	-99.129659	Cuauhtémoc
547	61.0	19.2990233	-99.0436467	Tláhuac
548	90.0	19.445744	-99.174986	Miguel Hidalgo
549	70.0	19.477389	-99.150971	Azcapotzalco
550	70.0	19.492195	-99.182526	Azcapotzalco
551	75.0	19.451496	-99.153453	Cuauhtémoc
552	86.0	19.342083	-99.0532159	Iztapalapa
553	60.0	19.324386	-99.124228	Coyoacán
554	50.0	19.458968	-99.152898	Cuauhtémoc
555	75.0	19.396705	-99.181902	Benito Juárez
556	56.0	19.392349	-99.07093	Iztacalco
557	70.0	19.42004	-99.140761	Cuauhtémoc
558	60.0	19.386852	-99.194748	Álvaro Obregón
559	80.0	19.405887	-99.16285	Cuauhtémoc
560	50.0			Álvaro Obregón
561	60.0	19.446852	-99.154461	Cuauhtémoc
562	69.0	19.36197	-99.006852	Iztapalapa
563	65.0	19.342083	-99.0532159	Iztapalapa
564	59.0	19.456348	-99.2046289	Miguel Hidalgo
565	53.0	19.410553	-99.133858	Cuauhtémoc
566	56.0	19.3615578	-99.0087486	Iztapalapa
567	60.0	19.336455	-99.149511	Coyoacán
568	52.0			Azcapotzalco
569	65.0	19.492195	-99.182526	Azcapotzalco
570	65.0	19.375299	-99.139692	Benito Juárez
571	80.0	19.441816	-99.092908	Venustiano Carranza
572	65.0	19.375374	-99.137657	Benito Juárez
573	69.0	19.472155	-99.161186	Azcapotzalco
574	65.0	19.321198	-99.103194	Coyoacán
575	66.0	19.33758	-99.126403	Coyoacán
576	60.0	19.348122	-99.125716	Coyoacán
577	60.0	19.273291	-99.188681	Tlalpan
578	76.0			Cuauhtémoc
579	75.0	19.351371	-99.161529	Coyoacán
580	70.0	19.468775	-99.115636	Gustavo A. Madero
581	69.0	19.410215	-99.14595	Cuauhtémoc
582	60.0	19.490244	-99.218292	Álvaro Obregón
583	60.0			Venustiano Carranza
584	76.0	19.2790911	-99.2114234	Tlalpan
585	55.0	19.439253	-99.163605	Cuauhtémoc
586	65.0	19.453854	-99.193979	Miguel Hidalgo
587	50.0	19.404661	-99.133858	Cuauhtémoc
588	70.0	19.41973	-99.111403	Venustiano Carranza
589	50.0	19.404661	-99.133858	Cuauhtémoc
590	80.0	19.385144	-99.142575	Benito Juárez
591	73.0	19.4491932	-99.2105551	Miguel Hidalgo
592	75.0	19.33589	-99.02178	Iztapalapa
593	68.0	19.428152	-99.106194	Venustiano Carranza
594	65.0	19.428767	-99.1459	Cuauhtémoc
595	70.0	19.51119	-99.19437	Azcapotzalco
596	56.0	19.392349	-99.07093	Iztacalco
597	85.0	19.393846	-99.18766	Álvaro Obregón
598	80.0	19.374628	-99.188927	Benito Juárez
599	55.0	19.386852	-99.194748	Álvaro Obregón
600	50.0	19.384327	-99.215523	Álvaro Obregón
601	90.0	19.313878	-99.094271	Iztapalapa
602	65.0	19.395835	-99.135191	Miguel Hidalgo
603	75.0	19.310879	-99.138695	Coyoacán
604	75.0	19.284672	-99.220367	Tlalpan
605	65.0	19.41973	-99.111403	Venustiano Carranza
606	50.0	19.450342	-99.126058	Cuauhtémoc
607	56.0	19.444584	-99.174675	Miguel Hidalgo
608	90.0	19.333044	-99.114994	Coyoacán
609	76.0			Álvaro Obregón
610	76.0	19.397059	-99.184501	Miguel Hidalgo
611	50.0	19.404661	-99.133858	Cuauhtémoc
612	50.0	19.484504	-99.180683	Azcapotzalco
613	64.0			Iztacalco
614	68.0	19.386033	-99.18296	Benito Juárez
615	60.0	19.472481	-99.182374	Azcapotzalco
616	70.0	19.357803	-99.149583	Benito Juárez
617	65.0	19.392025	-99.135302	Benito Juárez
618	85.0	19.371321	-99.140985	Benito Juárez
619	80.0	19.358121	-99.256453	Álvaro Obregón
620	90.0	19.452365	-99.124572	Venustiano Carranza
621	66.0	19.391606	-99.191812	Álvaro Obregón
622	50.0	19.352453	-99.121743	Coyoacán
623	50.0	19.286831	-99.059875	Tláhuac
624	90.0	19.389067	-99.162824	Benito Juárez
625	69.0	19.446915	-99.128639	Cuauhtémoc
626	62.0	19.454332	-99.200287	Miguel Hidalgo
627	57.0	19.298168	-99.113106	Tlalpan
628	70.0	19.474655	-99.189277	Azcapotzalco
629	90.0	19.412865	-99.154909	Cuauhtémoc
630	80.0	19.401869	-99.146219	Benito Juárez
631	62.0	19.446829	-99.159454	Cuauhtémoc
632	71.0	19.3905245	-99.1797506	Benito Juárez
633	80.0	19.384371	-99.135965	Benito Juárez
634	58.0	19.386852	-99.194748	Álvaro Obregón
635	85.0	19.375374	-99.137657	Benito Juárez
636	69.0	19.414969	-99.13917	Cuauhtémoc
637	75.0			Tlalpan
638	63.0	19.451616	-99.129515	Cuauhtémoc
639	65.0	19.382013	-99.188522	Benito Juárez
640	72.0	19.4993569217	-99.1763754934	Azcapotzalco
641	59.0	19.48492	-99.11168	Gustavo A. Madero
642	60.0	19.306198	-99.235825	La Magdalena Contreras
643	65.0	19.453201	-99.132967	Cuauhtémoc
644	60.0	19.441453	-99.160527	Cuauhtémoc
645	80.0	19.369859	-99.135812	Iztapalapa
646	65.0	19.401507	-99.14682	Benito Juárez
647	66.0	19.382019	-99.204821	Álvaro Obregón
648	80.0	19.452396	-99.155951	Cuauhtémoc
649	90.0	19.441043	-99.175585	Miguel Hidalgo
650	65.0	19.470015	-99.139124	Gustavo A. Madero
651	65.0	19.376536	-99.136148	Benito Juárez
652	59.0	19.468775	-99.115636	Gustavo A. Madero
653	70.0	19.335419	-99.119331	Coyoacán
654	80.0	19.404403	-99.175446	Miguel Hidalgo
655	63.0	19.417923	-99.148384	Cuauhtémoc
656	80.0	19.352618	-99.167442	Benito Juárez
657	56.0	19.353876	-99.0028926	Iztapalapa
658	90.0	19.396705	-99.181902	Benito Juárez
659	57.0	19.298168	-99.113106	Tlalpan
660	80.0	19.379765	-99.150386	Benito Juárez
661	63.0	19.421144	-99.128319	Cuauhtémoc
662	50.0	19.356019	-99.015293	Iztapalapa
663	80.0	19.487416	-99.118006	Gustavo A. Madero
664	70.0	19.306198	-99.235825	La Magdalena Contreras
665	66.0	19.311675	-99.090745	Iztapalapa
666	75.0	19.401507	-99.14682	Benito Juárez
667	55.0	19.396727	-99.115875	Iztacalco
668	64.0	19.405526	-99.165735	Cuauhtémoc
669	60.0	19.453854	-99.193979	Miguel Hidalgo
670	60.0	19.38855	-99.055877	Iztapalapa
671	78.0	19.4099475	-99.1093019	Venustiano Carranza
672	91.0	19.399834	-99.149231	Benito Juárez
673	50.0			Tláhuac
674	69.0	19.456439	-99.144414	Cuauhtémoc
675	50.0	19.29707	-99.051074	Tláhuac
676	78.0	19.45997	-99.153489	Cuauhtémoc
677	60.0	19.524143	-99.160149	Gustavo A. Madero
678	54.0	19.45533	-99.123998	Cuauhtémoc
679	50.0	19.374891	-99.141285	Benito Juárez
680	55.0	19.414713	-99.149175	Cuauhtémoc
681	75.0	19.284672	-99.220367	Tlalpan
682	55.0			Iztapalapa
683	70.0	19.451872	-99.173522	Miguel Hidalgo
684	60.0	19.441879	-99.167819	Miguel Hidalgo
685	65.0	19.363524	-99.247303	Álvaro Obregón
686	50.0	19.409701	-99.069021	Iztacalco
687	53.0	19.496491	-99.149702	Gustavo A. Madero
688	64.0	19.459992	-99.153628	Cuauhtémoc
689	56.0	19.441735	-99.172287	Miguel Hidalgo
690	70.0	19.377369	-99.198052	Álvaro Obregón
691	58.0	19.33427	-99.083374	Iztapalapa
692	60.0	19.492195	-99.182526	Azcapotzalco
693	65.0	19.320355	-99.114384	Coyoacán
694	70.0	19.381078	-99.186714	Benito Juárez
695	63.0	19.2990233	-99.0436467	Tláhuac
696	60.0	19.375374	-99.137657	Benito Juárez
697	62.0	19.454332	-99.200287	Miguel Hidalgo
698	60.0	19.38529	-99.18906	Álvaro Obregón
699	60.0	19.457911	-99.144234	Cuauhtémoc
700	80.0	19.35782	-99.149406	Benito Juárez
701	69.0	19.446253	-99.157519	Cuauhtémoc
702	75.0	19.384804	-99.155284	Benito Juárez
703	70.0	19.336134	-99.236897	Álvaro Obregón
704	55.0	19.452503	-99.120018	Venustiano Carranza
705	85.0	19.396328	-99.187016	Miguel Hidalgo
706	70.0	19.366738	-99.14554	Benito Juárez
707	60.0	19.327989	-99.112402	Coyoacán
708	80.0	19.260997	-99.119355	Xochimilco
709	62.0	19.254105	-99.115016	Xochimilco
710	60.0	19.396705	-99.181902	Benito Juárez
711	70.0	19.393817	-99.157049	Benito Juárez
712	80.0	19.470991	-99.168165	Azcapotzalco
713	60.0	19.486133	-99.085188	Iztapalapa
714	50.0	19.444584	-99.174675	Miguel Hidalgo
715	60.0	19.408758	-99.129474	Cuauhtémoc
716	60.0	19.368544	-99.163605	Benito Juárez
717	65.0	19.523798	-99.155941	Gustavo A. Madero
718	80.0	19.474655	-99.189277	Azcapotzalco
719	51.0	19.373498	-99.028156	Iztapalapa
720	80.0	19.304032	-99.112841	Coyoacán
721	70.0	19.448311	-99.157021	Cuauhtémoc
722	64.0	19.417636	-99.153292	Cuauhtémoc
723	63.0	19.451423	-99.129876	Cuauhtémoc
724	65.0	19.455518	-99.123801	Venustiano Carranza
725	69.0	19.394965	-99.181702	Benito Juárez
726	90.0	19.368823	-99.224603	Álvaro Obregón
727	50.0	19.39912	-99.141464	Tlalpan
728	70.0	19.449635	-99.133322	Cuauhtémoc
729	60.0	19.364891	-99.148384	Benito Juárez
730	70.0	19.396705	-99.181902	Benito Juárez
731	55.0	19.372724	-99.137094	Benito Juárez
732	51.0			Iztacalco
733	50.0	19.308287	-99.146309	Coyoacán
734	66.0	19.367864	-99.218293	Álvaro Obregón
735	90.0	19.396538	-99.141249	Benito Juárez
736	66.0	19.44821	-99.173939	Miguel Hidalgo
737	70.0	19.461871	-99.129227	Cuauhtémoc
738	71.0	19.2812105381	-99.1870808601	Tlalpan
739	84.0	19.4426	-99.097198	Venustiano Carranza
740	79.0	19.377383	-99.144978	Benito Juárez
741	60.0	19.450551	-99.156352	Cuauhtémoc
742	56.0			Iztapalapa
743	80.0	19.373224	-99.14524	Benito Juárez
744	61.0	19.474535	-99.1885093	Azcapotzalco
745	85.0	19.477965	-99.094716	Gustavo A. Madero
746	65.0	19.363524	-99.247303	Álvaro Obregón
747	70.0	19.444723	-99.186447	Miguel Hidalgo
748	50.0	19.442959	-99.123236	Venustiano Carranza
749	80.0	19.392185	-99.135357	Benito Juárez
750	60.0	19.299735	-99.110083	Tlalpan
751	70.0	19.374579	-99.146739	Benito Juárez
752	50.0	19.444918	-99.139807	Cuauhtémoc
753	75.0			Tlalpan
754	60.0	19.4557985998	-99.2046815157	Miguel Hidalgo
755	80.0	19.376132	-99.186396	Benito Juárez
756	67.0	19.457485	-99.21067	Miguel Hidalgo
757	60.0	19.452365	-99.124572	Venustiano Carranza
758	60.0	19.402478	-99.120531	Venustiano Carranza
759	65.0	19.470359	-99.183001	Azcapotzalco
760	58.0	19.4463736	-99.1486513	Cuauhtémoc
761	52.0	19.356981	-99.086459	Iztapalapa
762	90.0	19.484696	-99.207503	Azcapotzalco
763	70.0	19.484504	-99.180683	Azcapotzalco
764	50.0	19.317466	-99.072714	Iztapalapa
765	67.0	19.428152	-99.106194	Venustiano Carranza
766	70.0	19.28008	-99.217066	Tlalpan
767	76.0			Cuauhtémoc
768	50.0	19.474706	-99.18843	Azcapotzalco
769	57.0			Iztapalapa
770	50.0	19.287188	-99.170525	Tlalpan
771	70.0	19.309047	-99.10365	Coyoacán
772	82.0	19.441043	-99.175585	Miguel Hidalgo
773	63.0	19.372466	-99.105083	Coyoacán
774	66.0	19.368064	-99.218543	Álvaro Obregón
775	69.0	19.388255	-99.122087	Iztacalco
776	80.0	19.38828	-99.195529	Álvaro Obregón
777	60.0	19.330308	-99.115869	Coyoacán
778	65.0	19.364891	-99.148384	Benito Juárez
779	55.0	19.39912	-99.141464	Iztacalco
780	72.0	19.348586	-99.115129	Iztapalapa
781	75.0	19.472481	-99.182374	Azcapotzalco
782	54.0	19.369667	-99.214134	Álvaro Obregón
783	80.0	19.403171	-99.155586	Benito Juárez
784	65.0	19.4012131	-99.1422006	Benito Juárez
785	66.0	19.442212	-99.139539	Cuauhtémoc
786	60.0	19.482603	-99.194748	Azcapotzalco
787	62.0	19.45178	-99.15709	Cuauhtémoc
788	87.0	19.444865	-99.156877	Cuauhtémoc
789	69.0	19.397327	-99.123744	Iztacalco
790	60.0	19.377778	-99.177075	Benito Juárez
791	86.0	19.307754	-99.12497	Coyoacán
792	60.0	19.464	-99.183377	Azcapotzalco
793	55.0	19.452797	-99.215904	Miguel Hidalgo
794	70.0	19.504985	-99.208557	Azcapotzalco
795	90.0	19.368823	-99.224603	Álvaro Obregón
796	52.0	19.469681	-99.086136	Gustavo A. Madero
797	50.0	19.291981	-99.041115	Tláhuac
798	56.0	19.456993	-99.118637	Venustiano Carranza
799	65.0	19.472155	-99.161186	Azcapotzalco
800	60.0	19.370046	-99.146155	Benito Juárez
801	50.0	19.454082	-99.125206	Cuauhtémoc
802	86.0	19.281996	-99.164753	Coyoacán
803	65.0	19.323772	-99.116562	Coyoacán
804	80.0			Álvaro Obregón
805	56.0	19.452301	-99.207422	Miguel Hidalgo
806	75.0	19.465349	-99.150474	Gustavo A. Madero
807	77.0	19.498643	-99.202544	Azcapotzalco
808	50.0	19.410307	-99.065399	Iztacalco
809	60.0	19.435768	-99.086264	Venustiano Carranza
810	50.0	19.457641	-99.149897	Azcapotzalco
811	52.0	23.634501	-102.552788	Gustavo A. Madero
812	74.0			Coyoacán
813	90.0	19.365917	-99.196977	Álvaro Obregón
814	85.0	19.313878	-99.094271	Iztapalapa
815	59.0	19.3689927	-99.2887804	Cuajimalpa de Morelos
816	70.0	19.420977	-99.068052	Venustiano Carranza
817	50.0	19.474655	-99.189277	Azcapotzalco
818	56.0			Iztapalapa
819	60.0	19.348586	-99.115129	Iztapalapa
820	63.0	19.454851	-99.178049	Miguel Hidalgo
821	90.0	19.444584	-99.174675	Miguel Hidalgo
822	60.0	19.492195	-99.182526	Azcapotzalco
823	60.0	19.426263	-99.144483	Cuauhtémoc
824	85.0	19.454947	-99.151846	Cuauhtémoc
825	70.0	19.336455	-99.149511	Coyoacán
826	79.0	19.469689	-99.085457	Gustavo A. Madero
827	70.0	19.415143	-99.14685	Cuauhtémoc
828	70.0	19.395097	-99.150424	Benito Juárez
829	90.0	19.282117	-99.055533	Tláhuac
830	85.0	19.390271	-99.151588	Benito Juárez
831	50.0	23.634501	-102.552788	Cuauhtémoc
832	90.0	19.384478	-99.185339	Benito Juárez
833	90.0	19.391834	-99.188695	Álvaro Obregón
834	60.0	19.317534	-99.058491	Iztapalapa
835	50.0	19.264168	-99.119228	Xochimilco
836	55.0	19.440957	-99.125824	Cuauhtémoc
837	74.0	19.322587	-99.088097	Iztapalapa
838	75.0	19.451919	-99.131919	Cuauhtémoc
839	52.0			Iztapalapa
840	70.0	19.348586	-99.115129	Iztapalapa
841	64.0	19.383446	-99.137643	Benito Juárez
842	57.0	19.306256	-99.236671	La Magdalena Contreras
843	53.0	19.410553	-99.133858	Cuauhtémoc
844	60.0	19.454332	-99.200287	Miguel Hidalgo
845	70.0	19.395055	-99.168388	Benito Juárez
846	64.0	19.386033	-99.18296	Benito Juárez
847	50.0	19.384117	-99.205132	Álvaro Obregón
848	58.0	19.44543	-99.176155	Miguel Hidalgo
849	90.0	19.465454	-99.162665	Azcapotzalco
850	70.0	19.389044	-99.179657	Benito Juárez
851	90.0	19.397899	-99.166031	Benito Juárez
852	73.0			Iztapalapa
853	70.0	19.365917	-99.196977	Álvaro Obregón
854	53.0	23.634501	-102.552788	Iztacalco
855	70.0	19.389067	-99.162824	Benito Juárez
856	65.0	19.472155	-99.161186	Azcapotzalco
857	50.0	19.337854	-99.12317	Coyoacán
858	62.0	19.422584	-99.095761	Venustiano Carranza
859	79.0			Coyoacán
860	56.0			Iztapalapa
861	85.0	19.428767	-99.1459	Cuauhtémoc
862	62.0	19.470064	-99.152056	Cuauhtémoc
863	90.0	19.399831	-99.149236	Benito Juárez
864	85.0	19.454332	-99.200287	Miguel Hidalgo
865	90.0	19.453854	-99.193979	Miguel Hidalgo
866	59.0	19.477098	-99.092789	Gustavo A. Madero
867	75.0	19.287447	-99.218354	Tlalpan
868	65.0	19.456993	-99.118637	Venustiano Carranza
869	60.0	19.402944	-99.199727	Miguel Hidalgo
870	50.0	19.317741	-99.119331	Coyoacán
871	75.0			Tlalpan
872	60.0	19.324386	-99.124228	Coyoacán
873	57.0	19.366738	-99.14554	Benito Juárez
874	50.0	19.281761	-99.043289	Tláhuac
875	60.0	19.365865	-99.148341	Benito Juárez
876	60.0	19.416439	-99.125632	Venustiano Carranza
877	70.0	19.405526	-99.165735	Cuauhtémoc
878	54.0	19.371745	-99.212281	Álvaro Obregón
879	65.0	19.46731	-99.133163	Gustavo A. Madero
880	70.0	19.470991	-99.168165	Azcapotzalco
881	69.0	19.506042	-99.153915	Gustavo A. Madero
882	84.0	19.445553	-99.097057	Venustiano Carranza
883	60.0	19.398514	-99.130366	Iztacalco
884	75.0	19.372564	-99.148667	Benito Juárez
885	75.0	19.359407	-99.060657	Iztapalapa
886	56.0	19.456993	-99.118637	Venustiano Carranza
887	52.0	19.285943	-99.044333	Tláhuac
888	75.0	19.385135	-99.158351	Coyoacán
889	55.0	19.447813	-99.114811	Venustiano Carranza
890	60.0	19.363542	-99.224084	Álvaro Obregón
891	65.0			Coyoacán
892	68.0	19.461871	-99.129227	Cuauhtémoc
893	60.0	19.355986	-99.069396	Iztapalapa
894	90.0	19.3757	-99.196831	Álvaro Obregón
895	50.0	19.452986	-99.119334	Venustiano Carranza
896	60.0	19.361111	-99.194061	Álvaro Obregón
897	75.0	19.328366	-99.114767	Coyoacán
898	60.0	19.449737	-99.125022	Venustiano Carranza
899	65.0	19.347664	-99.125001	Coyoacán
900	60.0	19.364891	-99.148384	Benito Juárez
901	65.0	19.387651	-99.142257	Benito Juárez
902	70.0			La Magdalena Contreras
903	60.0	19.41275	-99.126007	Venustiano Carranza
904	65.0	19.451919	-99.131919	Cuauhtémoc
905	60.0	19.396705	-99.181902	Benito Juárez
906	90.0	19.407816	-99.129707	Cuauhtémoc
907	71.0	19.329109	-99.127632	Coyoacán
908	65.0	19.400379	-99.131088	Iztacalco
909	70.0	19.368823	-99.224603	Álvaro Obregón
910	90.0	19.452365	-99.124572	Venustiano Carranza
911	69.0	19.2990233	-99.0436467	Tláhuac
912	67.0	19.428152	-99.106194	Venustiano Carranza
913	50.0			Iztapalapa
914	60.0	19.369814	-99.29186	Cuajimalpa de Morelos
915	71.0	19.2812307923	-99.187091589	Tlalpan
916	60.0	19.498812	-99.202081	Azcapotzalco
917	90.0	19.38828	-99.195529	Álvaro Obregón
918	58.0	19.315626	-99.10273	Coyoacán
919	80.0	19.402197	-99.101441	Iztacalco
920	60.0	19.411112	-99.193066	Miguel Hidalgo
921	52.0	19.469681	-99.086136	Gustavo A. Madero
922	57.0	19.328705	-99.164986	Coyoacán
923	65.0	19.452665	-99.121497	Venustiano Carranza
924	60.0	19.4557176701	-99.2047137022	Miguel Hidalgo
925	85.0	19.396538	-99.141249	Benito Juárez
926	65.0	19.474655	-99.189277	Azcapotzalco
927	65.0	19.409748	-99.13548	Cuauhtémoc
928	75.0	19.38828	-99.195529	Álvaro Obregón
929	50.0	19.317698	-99.061256	Iztapalapa
930	70.0	19.412199	-99.124268	Venustiano Carranza
931	70.0	19.320954	-99.243094	Álvaro Obregón
932	58.0	19.4069115	-99.1240954	Venustiano Carranza
933	50.0	19.211825	-98.971108	Tláhuac
934	56.0	19.456993	-99.118637	Venustiano Carranza
935	80.0	19.395694	-99.192917	Álvaro Obregón
936	50.0	19.453909	-99.208595	Miguel Hidalgo
937	65.0	19.403836	-99.059832	Iztacalco
938	75.0	19.466872	-99.131369	Gustavo A. Madero
939	65.0	19.472155	-99.161186	Azcapotzalco
940	60.0	19.422817	-99.058911	Venustiano Carranza
941	80.0	19.396893	-99.152302	Benito Juárez
942	56.0	19.444584	-99.174675	Miguel Hidalgo
943	69.0	19.2990233	-99.0436467	Tláhuac
944	65.0	19.336195	-99.23692	Álvaro Obregón
945	60.0	19.312223	-99.105454	Coyoacán
946	54.0			Cuauhtémoc
947	70.0			Cuauhtémoc
948	70.0	19.377404	-99.193301	Álvaro Obregón
949	60.0	19.493713	-99.204941	Azcapotzalco
950	59.0	19.456348	-99.2046289	Miguel Hidalgo
951	60.0	19.366607	-99.158713	Benito Juárez
952	80.0	19.304032	-99.112841	Coyoacán
953	57.0			Iztapalapa
954	57.0	19.4069115	-99.1240954	Venustiano Carranza
955	70.0	19.395835	-99.135191	Benito Juárez
956	74.0	19.401819	-99.184615	Miguel Hidalgo
957	75.0	19.4372695	-99.1499446	Cuauhtémoc
958	70.0	19.400648	-99.11769	Iztacalco
959	60.0	19.369814	-99.29186	Cuajimalpa de Morelos
960	70.0	19.454332	-99.200287	Miguel Hidalgo
961	63.0	19.2990233	-99.0436467	Tláhuac
962	53.0			Gustavo A. Madero
963	75.0	19.352333	-99.121169	Coyoacán
964	60.0	19.472481	-99.182374	Azcapotzalco
965	51.0	19.4261149371	-99.0609526634	Venustiano Carranza
966	70.0	19.452365	-99.124572	Venustiano Carranza
967	53.0	19.443592	-99.121407	Venustiano Carranza
968	55.0	19.517509	-99.133668	Gustavo A. Madero
969	50.0	19.441603	-99.161688	Cuauhtémoc
970	70.0	19.389067	-99.162824	Benito Juárez
971	65.0	19.312223	-99.105454	Coyoacán
972	70.0	19.367286	-99.188816	Benito Juárez
973	90.0	19.498448	-99.204357	Azcapotzalco
974	91.0	19.336195	-99.23692	Álvaro Obregón
975	86.0	19.400165	-99.135621	Iztacalco
976	65.0	19.346609	-99.072311	Iztapalapa
977	66.0	19.2488615542	-99.1061961651	Xochimilco
978	85.0	19.27639	-99.180214	Tlalpan
979	80.0	19.38828	-99.195529	Álvaro Obregón
980	90.0	19.282895	-99.166933	Tlalpan
981	70.0	19.45178	-99.15709	Cuauhtémoc
982	84.0	19.391819	-99.188639	Benito Juárez
983	75.0	19.403836	-99.059832	Iztacalco
984	90.0	19.361993	-99.137782	Iztapalapa
985	74.0			Coyoacán
986	80.0	19.549733	-99.154075	Cuauhtémoc
987	66.0	19.477827	-99.216217	Azcapotzalco
988	71.0	19.342306	-99.156125	Coyoacán
989	65.0			Benito Juárez
990	85.0	19.4185179967	-99.1357685253	Cuauhtémoc
991	60.0	19.342195	-99.200778	Álvaro Obregón
992	70.0	19.380747	-99.155304	Benito Juárez
993	59.0	19.4069115	-99.1240954	Venustiano Carranza
994	60.0	19.446253	-99.157519	Cuauhtémoc
995	70.0	19.424882	-99.15511	Cuauhtémoc
996	60.0	19.427754	-99.171109	Cuauhtémoc
997	75.0	19.367943	-99.218478	Álvaro Obregón
998	55.0	23.634501	-102.552788	Iztacalco
999	80.0	19.441695	-99.142965	Cuauhtémoc
1000	80.0			Miguel Hidalgo
1001	80.0	19.242553	-99.098014	Xochimilco
1002	65.0	19.492195	-99.182526	Azcapotzalco
1003	61.0	19.375917	-99.142422	Benito Juárez
1004	70.0	19.498877	-99.207909	Azcapotzalco
1005	58.0	19.441234	-99.136622	Cuauhtémoc
1006	64.0	19.478815	-99.196831	Azcapotzalco
1007	67.0	19.452751	-99.056419	Gustavo A. Madero
1008	50.0	19.410079	-99.127004	Venustiano Carranza
1009	58.0	19.386852	-99.194748	Álvaro Obregón
1010	68.0	23.634501	-102.552788	Benito Juárez
1011	57.0	19.3945861	-99.0731914	Iztacalco
1012	70.0	19.452621	-99.154479	Cuauhtémoc
1013	80.0	19.324386	-99.124228	Coyoacán
1014	90.0	19.401819	-99.184615	Miguel Hidalgo
1015	80.0	19.400731	-99.125466	Iztacalco
1016	70.0	19.307417	-99.125191	Coyoacán
1017	80.0	19.384808	-99.137496	Benito Juárez
1018	65.0	19.371543	-99.141669	Benito Juárez
1019	52.0	19.415035	-99.141559	Cuauhtémoc
1020	80.0	19.335103	-99.235722	Álvaro Obregón
1021	55.0	19.469998	-99.139133	Gustavo A. Madero
1022	60.0	23.634501	-102.552788	Benito Juárez
1023	80.0	19.441879	-99.167819	Miguel Hidalgo
1024	60.0	23.634501	-102.552788	Coyoacán
1025	56.0	19.304038	-99.047919	Tláhuac
1026	89.0	19.501052	-99.093589	Gustavo A. Madero
1027	75.0	19.374721	-99.140098	Benito Juárez
1028	53.0			Tlalpan
1029	60.0	19.384365	-99.156091	Benito Juárez
1030	70.0	19.386852	-99.194748	Álvaro Obregón
1031	70.0			Coyoacán
1032	70.0	19.400753	-99.132038	Iztacalco
1033	63.0	19.342083	-99.0532159	Iztapalapa
1034	80.0	19.36269	-99.150565	Benito Juárez
1035	70.0	19.451872	-99.173522	Miguel Hidalgo
1036	90.0	19.356629	-99.259788	Álvaro Obregón
1037	70.0	19.490331	-99.207579	Azcapotzalco
1038	70.0	19.446852	-99.154461	Cuauhtémoc
1039	74.0	19.383251	-99.105499	Iztacalco
1040	70.0	19.339707	-99.131065	Coyoacán
1041	80.0	19.28254	-99.185972	Tlalpan
